4
0.05
 4 -1  0 -1
-1  4 -1  0
 0 -1  4 -1
-1  0 -1  4
 3  6  1  12

4
0.01
1 0.5 -0.1 0.1
0.2 1 -0.2 -0.1
-0.1 -0.7 1 0.2
0.1 0.3 0.2 1
0.2 -2.6 1.0 -2.5

3
0.01
2 1 3
0 -1 1
1 0 3
9 1 3

3
0.01
1 0 3
0 -1 1
2 1 3
3 1 9

4
0.05
2 -1 3 5
4 -1 10 8
6 -3 12 11
0 -2 -5 10
-7 4 4 -51

17
0.01
-3  0  0  1  3  0  0  0  0  0  0  0  0  0  0  0  0
-3  0 -1  0 -3  0  0  0  0  0  0  0  0  0  0  0  0
 0 -1  0  0  0  1  0  0  0  0  0  0  0  0  0  0  0
 0  0  1  0  0  0  0  0  0  0  0  0  0  0  0  0  0
 0  0  0 -1  0  0  0  1  0  0  0  0  0  0  0  0  0
 0  0  0  0  0  0 -1  0  0  0  0  0  0  0  0  0  0
 0  0  0  0 -3 -1  0  0  3  1  0  0  0  0  0  0  0
 0  0  0  0  3  0  1  0  3  0  0  0  0  0  0  0  0
 0  0  0  0  0  0  0 -1 -3  0  0  1  3  0  0  0  0
 0  0  0  0  0  0  0  0 -3  0 -1  0 -3  0  0  0  0
 0  0  0  0  0  0  0  0  0 -1  0  0  0  1  0  0  0
 0  0  0  0  0  0  0  0  0  0  1  0  0  0  0  0  0
 0  0  0  0  0  0  0  0  0  0  0 -1  0  0  0  0  0
 0  0  0  0  0  0  0  0  0  0  0  0  0  0 -1 -3  0
 0  0  0  0  0  0  0  0  0  0  0  0 -3 -1  0  0  1
 0  0  0  0  0  0  0  0  0  0  0  0  3  0  1  0  0
 0  0  0  0  0  0  0  0  0  0  0  0  0  0  0 -3 -1
 0  0  0 10  0  0  0 15  0  0  0  0  0  0  0 10 0

17
0.01
-3  0  0  1  3  0  0  0  0  0  0  0  0  0  0  0  0
 0 -1  0  0  0  1  0  0  0  0  0  0  0  0  0  0  0
 0  0  1  0  0  0  0  0  0  0  0  0  0  0  0  0  0
 0  0  0 -1  0  0  0  1  0  0  0  0  0  0  0  0  0
-3  0 -1  0 -3  0  0  0  0  0  0  0  0  0  0  0  0
 0  0  0  0 -3 -1  0  0  3  1  0  0  0  0  0  0  0
 0  0  0  0  0  0 -1  0  0  0  0  0  0  0  0  0  0
 0  0  0  0  0  0  0 -1 -3  0  0  1  3  0  0  0  0
 0  0  0  0  3  0  1  0  3  0  0  0  0  0  0  0  0
 0  0  0  0  0  0  0  0  0 -1  0  0  0  1  0  0  0
 0  0  0  0  0  0  0  0  0  0  1  0  0  0  0  0  0
 0  0  0  0  0  0  0  0  0  0  0 -1  0  0  0  0  0
 0  0  0  0  0  0  0  0 -3  0 -1  0 -3  0  0  0  0
 0  0  0  0  0  0  0  0  0  0  0  0 -3 -1  0  0  1
 0  0  0  0  0  0  0  0  0  0  0  0  3  0  1  0  0
 0  0  0  0  0  0  0  0  0  0  0  0  0  0 -1 -3  0
 0  0  0  0  0  0  0  0  0  0  0  0  0  0  0 -3 -1
 0  0 10  0  0  0  0  0 15  0  0  0  0  0  10 0  0

17
0.01
-0.70711  0  0  1  0.70711  0  0  0  0        0  0  0  0        0  0  0        0
 0       -1  0  0  0        1  0  0  0        0  0  0  0        0  0  0        0
 0        0  1  0  0        0  0  0  0        0  0  0  0        0  0  0        0
 0        0  0 -1  0        0  0  1  0        0  0  0  0        0  0  0        0
-0.70711  0 -1  0 -0.70711  0  0  0  0        0  0  0  0        0  0  0        0
 0        0  0  0 -0.70711 -1  0  0  0.70711  1  0  0  0        0  0  0        0
 0        0  0  0  0        0 -1  0  0        0  0  0  0        0  0  0        0
 0        0  0  0  0        0  0 -1 -0.70711  0  0  1  0.70711  0  0  0        0
 0        0  0  0  0.70711  0  1  0  0.70711  0  0  0  0        0  0  0        0
 0        0  0  0  0        0  0  0  0       -1  0  0  0        1  0  0        0
 0        0  0  0  0        0  0  0  0        0  1  0  0        0  0  0        0
 0        0  0  0  0        0  0  0  0        0  0 -1  0        0  0  0        0
 0        0  0  0  0        0  0  0 -0.70711  0 -1  0 -0.70711  0  0  0        0
 0        0  0  0  0        0  0  0  0        0  0  0 -0.70711 -1  0  0        1
 0        0  0  0  0        0  0  0  0        0  0  0  0.70711  0  1  0        0
 0        0  0  0  0        0  0  0  0        0  0  0  0        0 -1 -0.70711  0
 0        0  0  0  0        0  0  0  0        0  0  0  0        0  0 -0.70711 -1
 0        0 10  0  0        0  0  0 15        0  0  0  0        0 10  0        0

10
0.01
2  1  7  4 -3 -1  4  4  7  0
4  2  2  3 -2  0  3  3  4  1
3  4  4  2  1 -2  2  1  9 -3
9  3  5  1  0  5  6 -5 -3  4
1  6  3  4  8  3 -5  0 -6  0
1  9  8  0  3  9  9  0  0  5
4  1  9  0  4  3  7 -4  1  3
6  3  1  1  6  8  3  3  0  2
6  5  0 -7  7 -7  6  2 -6  1
2  0  7  0 -5  7  1  0  1  6
86 45 52.5 108 31 90.5 139 61 -43.5 66.5

10
1.0e-07
 4 -1  0 -1  0  0  0  0  0  0
-1  4 -1  0 -1  0  0  0  0  0
 0 -1  4  0  0 -1  0  0  0  0
-1  0  0  4 -1  0  0  0  0  0
 0 -1  0 -1  4 -1 -1  0  0  0
 0  0 -1  0 -1  4  0 -1  0  0
 0  0  0  0 -1  0  4 -1  0  0
 0  0  0  0  0 -1 -1  4 -1  0
 0  0  0  0  0  0  0 -1  4 -1
 0  0  0  0  0  0  0  0 -1  4
 -110 -30 -40 -110 0 -15 -90 -25 -55 -65

5
0.001
31.01528 23.86685 17.72601 4.433918 11.06521 
8.730466 26.88689 27.91406 1.669397 23.40525 
26.46015 6.464572 22.63074 21.28939 25.35821 
2.431381 26.2457 17.81533 19.47622 2.029952 
24.90545 2.215234 9.002744 18.56987 4.222018 
 9.74449 29.98677 18.35245 15.04111 23.30352 

5
0.001
2.431381 26.2457 17.81533 19.47622 2.029952 
8.730466 26.88689 27.91406 1.669397 23.40525 
26.46015 6.464572 22.63074 21.28939 25.35821 
31.01528 23.86685 17.72601 4.433918 11.06521 
24.90545 2.215234 9.002744 18.56987 4.222018 
15.04111 29.98677 18.35245 9.74449 23.30352 

5
0.1
481.4454 27.0277 5.257203 1.682721 13.64933 
23.36107 705.4772 12.13167 5.736001 14.09851 
11.18456 29.32786 568.2916 13.48893 22.5219 
12.2315 1.050283 3.45789 535.6379 16.56885 
16.58388 4.055724 20.02431 6.086657 865.2282 
26.95148 19.86361 23.03676 25.94639 16.31841 

15
0.001
4226.985 23.54837 13.46802 8.46672 14.07027 25.69952 9.517002 17.52816 23.31234 26.08586 2.112038 27.36806 14.11017 8.198695 15.05229 
14.2939 3459.142 22.60012 5.514392 4.221368 14.46636 13.19892 26.2336 11.5898 22.56617 29.89517 0.07430588 26.2365 13.68841 26.29482 
12.00533 8.666202 4847.668 25.47336 17.13292 31.91345 19.17288 26.64992 17.44161 10.48521 20.73578 19.55365 5.853276 2.845946 27.75234 
20.90556 17.13984 4.989179 4280.304 22.65424 9.210546 25.97203 3.853158 3.444149 5.56183 26.41933 1.33932 5.636136 20.65582 15.02773 
31.93095 0.6611577 23.69393 17.77414 5487.522 8.826851 17.68759 13.30739 3.476775 3.129205 23.7926 24.21255 22.68285 29.64588 27.0585 
18.4352 18.55144 12.19835 23.42438 30.05712 4504.215 0.6349219 24.02916 6.705741 4.079071 29.59099 1.125067 5.41839 3.227122 21.78089 
20.44612 3.158075 22.44205 12.14005 20.93221 16.57656 5807.74 6.619809 29.88395 24.44367 9.749014 21.67656 16.65623 0.431867 19.32244 
11.71473 18.86706 5.873878 23.91307 10.29144 3.930998 26.76566 6112.518 27.96015 1.4714 15.00543 25.55114 2.596468 20.42382 28.77826 
24.37736 8.86994 31.93634 14.81941 21.00999 20.86855 31.39597 9.976889 5840.133 29.27992 2.420563 5.237375 18.95648 19.07679 5.669242 
6.278915 30.79152 24.53631 12.15279 22.7046 2.827745 16.08379 17.47025 13.75411 5122.212 18.94166 28.75954 5.595085 21.53812 17.18336 
2.373347 13.91548 26.0533 2.309685 28.73489 15.06329 23.17824 28.13086 25.04018 18.6666 7469.516 27.46074 23.90397 12.36727 14.53753 
29.57322 18.64618 13.32905 22.10952 30.79897 4.033651 24.93727 14.88276 21.50391 6.691373 26.92671 6651.498 3.450911 0.5217955 29.98368 
20.63427 2.895143 11.89917 14.68757 5.204827 8.634059 29.75086 28.38306 4.764921 22.79104 15.04966 30.17571 5405.354 6.953635 10.54297 
0.7893107 4.526851 29.18916 14.11837 26.63637 27.98813 18.15202 19.57364 10.87089 7.655922 26.26501 5.797604 16.10148 5796.205 6.319399 
14.08517 18.35019 9.214542 25.98433 1.037764 14.41937 2.618394 30.78862 10.80243 7.383316 21.57966 25.8521 5.559023 7.831439 7983.276 
1.03814 7.547832 23.22049 26.98453 23.86624 7.684527 22.01223 29.12344 9.367249 3.661569 20.48451 3.670329 15.79324 26.22051 17.76884